Criptograma: 01539303420007081847373120382083979334373003243429336529010331235435455945859546210000350783236703804235894333834733193102673532255332706012958005735037100033137232358330532383037420803206725787439823203743350237233872334392236858251528112713723322391247090700291377553535350503283922702222004932314382587094363570673301087929429328522337120747443828770321

Key: CASTADESIERVOS

Key: 3, 1, 10, 13, 2, 4,    5, 11, 7, 6, 9, 14, 8, 12

1	01539303420007081847373120
2	38208397933437300324342933
3	65290103312354354559458595
4	46210000350783236703804235
5	8943338347331931026735322
6	5533270601295800573503710
7	0033137232358330532383037
8	4208032067257874398232037
9	4335023723387233439223685
10	82515281127137233223912470
11	9070029137755353535050328
12	3922702222004932314382587
13	09436357067330108792942932
14	8522337120747443828770321

Key: 3, 1, 10, 13, 2, 4, 5, 11, 7, 6, 9, 14, 8, 12

3	65290103312354354559458595
1	01539303420007081847373120
10	82515281127137233223912470
13	09436357067330108792942932
2	38208397933437300324342933
4	46210000350783236703804235
5	8943338347331931026735322
11	9070029137755353535050328
7	0033137232358330532383037
6	5533270601295800573503710
9	4335023723387233439223685
14	8522337120747443828770321
8	4208032067257874398232037
12	3922702222004932314382587

Extraer columnas:

60803489054843512986900535292554224733320293130130335282095680301203071323303237233000859089703722331770312671023410934330226212263577213072207730373237203013473559845050333815857774477073933824893021323530347358300313003342413806055548335827372337329154292065239884973243703527234399383580273857144050333022832224330763055149922231823892733328705177500235


Key: VEINTIUNDIASDEAYUNO

Key: 18, 5, 7, 10, 15, 8, 16, 11, 3, 9, 1, 14, 4, 6,   2, 19, 17, 12, 13

1	6080348905484351298
2	690053529255422473
3	3320293130130335282
4	0956803012030713233
5	0323723300085908970
6	3722331770312671023
7	4109343302262122635
8	7721307220773037323
9	7203013473559845050
10	3338158577744770739
11	3382489302132353034
12	735830031300334241
13	380605554833582737
14	2337329154292065239
15	8849732437035272343
16	9938358027385714405
17	033302283222433076
18	3055149922231823892
19	733328705177500235

Key: 18, 5, 7, 10, 15, 8, 16, 11, 3, 9, 1, 14, 4, 6, 2, 19, 17, 12, 13

18	3055149922231823892
5	0323723300085908970
7	4109343302262122635
10	3338158577744770739
15	8849732437035272343
8	7721307220773037323
16	9938358027385714405
11	3382489302132353034
3	3320293130130335282
9	7203013473559845050
1	6080348905484351298
14	2337329154292065239
4	0956803012030713233
6	3722331770312671023
2	690053529255422473
19	733328705177500235
17	033302283222433076
12	735830031300334241
13	380605554833582737


Extraer columnas:


30438793376203670730313879332039793338520342382083520335053989182030762033861731733420338352030424530589142033820593382789338931572059335420314910720835200732203705179531420277072035420212382027073115420357203386437833589315720315245352094202454358917207338307620338202773153456172034238202743551531420278967334020222073743973342038593323561720593354208933

Con el tablero:

  NACIONALISta
 |7134982650
-+----------
 |AT ONE SIR
3|BCDFGHJKLM
2|PQUVWXYZ./

M  O H  A N D  A S    K  A R
30 4 38 7 9 33 7 6 20 36 7 0 730313879332039793338520342382083520335053989182030762033861731733420338352030424530589142033820593382789338931572059335420314910720835200732203705179531420277072035420212382027073115420357203386437833589315720315245352094202454358917207338307620338202773153456172034238202743551531420278967334020222073743973342038593323561720593354208933

Mensaje: MOHANDAS KARAMCHAND GANDHI FUE EL DIRIGENTE MAS DESTACADO DEL MOVIMIENTO DE INDEPENDENCIA INDIO CONTRA EL RAJ BRITANICO PARA LO QUE PRACTIO LA DESOBEDIENCIA CIVIL NO VIOLENTA ADEMAS DE PACIFISTA FUE POLITICO PENSADOR Y ABOGADO HINDUISTA INDIO END